Parsing=0.000248
Instantiation=0.00446
Fluent_Copying=0.000132
Init_And_Goal_Copying=5e-06
Operators_Copying=0.000753
